Date,Depth_m,Sample_Type,MC_total,CYN,ANA_a,dmMC-RR,MC-RR,MC-YR,MC-HtyR,MC-LR,dmMC-LR,MC-HiIR,MC-LY,MC-LW,HANA_a,AP_A,AP_B
2018-05-29,0.8,Intracellular,5,0,0,0,0,0,0,0,0,0,0,0,0,0,0
2018-06-07,0.8,Intracellular,32.6,0,0,0,0,0,0,0,0,0,0,0,0,18,14
2018-06-13,0.8,Intracellular,64,0,0,0,0,0,0,188,0,0,0,0,0,0,0
2018-06-19,0.8,Intracellular,151,0,0,0,0,13,0,144,8,0,0,0,0,6,70
2018-06-25,0.8,Intracellular,154,0,0,0,0,31,0,37,0,0,0,0,0,0,69
2018-07-03,0.8,Intracellular,226,0,0,0,0,32,0,275,19,0,0,0,0,0,552
2018-07-06,0.8,Intracellular,151,0,0,0,0,16,0,211,6,0,0,0,0,0,657
2018-07-09,0.8,Intracellular,281,0,0,0,0,0,0,0,0,0,0,0,288,0,554
2018-07-12,0.8,Intracellular,195,0,0,0,0,0,0,210,0,0,0,0,0,4,953
2018-07-16,0.8,Intracellular,616,0,0,0,35,0,0,645,0,0,0,0,0,56,766
2018-07-18,0.8,Intracellular,216,0,0,0,12,0,0,293,0,0,0,0,0,53,2709
2018-07-24,0.8,Intracellular,263,0,0,0,0,0,0,198,0,0,0,0,0,139,1478
2018-07-25,0.8,Intracellular,184,0,0,0,11,0,0,257,0,0,0,0,0,26,1238
2018-07-30,0.8,Intracellular,191,0,0,0,0,0,0,199,0,0,0,0,0,49,1464
2018-07-31,0.8,Intracellular,150,0,0,0,0,0,0,95,0,0,0,0,0,123,1923
2018-08-08,0.8,Intracellular,217,0,0,0,0,0,0,152,0,0,0,0,0,89,381
2018-08-09,0.8,Intracellular,97,0,0,0,0,0,0,128,0,0,0,0,0,0,228
2018-08-14,0.8,Intracellular,150,0,0,0,0,0,0,139,0,0,0,0,0,176,339
2018-08-17,0.8,Intracellular,81,0,0,0,0,0,0,92,0,0,0,0,0,137,599
2018-08-21,0.8,Intracellular,89,0,0,0,0,0,0,126,0,0,0,0,0,262,927
2018-08-23,0.8,Intracellular,119,0,0,0,3,0,0,84,0,0,0,0,0,100,1013
2018-08-28,0.8,Intracellular,59,0,0,0,0,0,0,122,0,0,0,0,0,196,2296
2018-09-05,0.8,Intracellular,53,0,0,0,0,0,0,43,0,0,0,0,0,204,1621
2018-09-17,0.8,Intracellular,22,0,0,0,0,0,0,0,0,0,0,0,0,570,863
