Date,Sample_Type,Depth_m,MC_total,ANA_a,MC_RR,MC_YR,MC_LR,dmMC_LR,MC_HiIR,MC_WR,MC_LA,MC_LY,MC_LW,MC_LF,AP_A,AP_B
2019-05-29,Intracellular,0.8,6.4,0,0,0,0,0,0,0,0,0,0,0,0,0
2019-06-03,Intracellular,0.8,0,0,0,0,0,0,0,0,0,0,0,0,0,0
2019-06-12,Intracellular,0.8,121.9,0,0,72.8,61,0,0,0,0,0,0,0,0,31.6
2019-06-19,Intracellular,0.8,58.7,0,0,56.4,0,0,0,0,0,0,0,0,0,0
2019-07-05,Intracellular,0.8,407.7,0,0,0,368.8,39.9,0,0,0,0,0,0,0,0
2019-07-10,Intracellular,0.8,301.3,0,0,0,407.8,11.7,0,0,0,0,0,0,16.9,6.2
2019-07-17,Intracellular,0.8,627.9,0,5,1,547.1,16.3,0,0,0,0,0,0,0,31.1
2019-07-29,Intracellular,0.8,4668.9,0,19.4,95.8,4985.1,60.7,153.7,0,1,17.5,4.2,2.3,45.1,184.3
2019-08-07,Intracellular,0.8,7204.2,0,13.2,132.8,7263.5,93.2,233.1,0,2.5,21.9,10.7,0,13.9,174.6
2019-08-15,Intracellular,0.8,7931.3,0,81,79.5,7663.8,88.5,341,0,13.6,25.2,17.6,6.1,0,201.7
2019-08-21,Intracellular,0.8,1995.4,0,32.8,103.7,1358.2,57.3,0,5,3.7,30.4,37.1,13.1,36.4,172.2
2019-08-30,Intracellular,0.8,652.1,0,3.5,10.8,489.4,15.9,0,0,0,0,0,0,180.3,104.8
2019-09-03,Intracellular,0.8,646.9,0,4.2,10.8,390.9,11.4,0,0,0,0,0,0,196.5,118.5
2019-09-13,Intracellular,0.8,253.3,0,0,1.6,113,1.5,0,0,0,0,0,0,284,170.5
2019-09-17,Intracellular,0.8,99.7,5.6,0,0,82.4,2.3,0,0,1,0,3.4,0,458.6,303.3
2019-09-26,Intracellular,0.8,141,5,0,12.2,85.2,4,0,0,0,0,3.5,0,343,280.9
2019-10-03,Intracellular,0.8,93.9,0,0,13.2,0,0,0,0,0,0,0,0,424.1,266.3
